     0.00000E+00     0.41087E+01
     0.10000E+00     0.39213E+01
     0.20000E+00     0.34708E+01
     0.30000E+00     0.29659E+01
     0.40000E+00     0.25333E+01
     0.50000E+00     0.21957E+01
     0.60000E+00     0.19344E+01
     0.70000E+00     0.17279E+01
     0.80000E+00     0.15605E+01
     0.90000E+00     0.14220E+01
     0.10000E+01     0.13053E+01
     0.11000E+01     0.12056E+01
     0.12000E+01     0.11194E+01
     0.13000E+01     0.10439E+01
     0.14000E+01     0.97741E+00
     0.15000E+01     0.91826E+00
     0.16000E+01     0.86531E+00
     0.17000E+01     0.81763E+00
     0.18000E+01     0.77446E+00
     0.19000E+01     0.73519E+00
     0.20000E+01     0.69930E+00
     0.21000E+01     0.66639E+00
     0.22000E+01     0.63609E+00
     0.23000E+01     0.60810E+00
     0.24000E+01     0.58218E+00
     0.25000E+01     0.55810E+00
     0.26000E+01     0.53567E+00
     0.27000E+01     0.51474E+00
     0.28000E+01     0.49515E+00
     0.29000E+01     0.47679E+00
     0.30000E+01     0.45955E+00
     0.31000E+01     0.44332E+00
     0.32000E+01     0.42803E+00
     0.33000E+01     0.41359E+00
     0.34000E+01     0.39994E+00
     0.35000E+01     0.38702E+00
     0.36000E+01     0.37476E+00
     0.37000E+01     0.36313E+00
     0.38000E+01     0.35208E+00
     0.39000E+01     0.34156E+00
     0.40000E+01     0.33154E+00
     0.41000E+01     0.32199E+00
     0.42000E+01     0.31287E+00
     0.43000E+01     0.30416E+00
     0.44000E+01     0.29583E+00
     0.45000E+01     0.28785E+00
     0.46000E+01     0.28022E+00
     0.47000E+01     0.27289E+00
     0.48000E+01     0.26587E+00
     0.49000E+01     0.25913E+00
     0.50000E+01     0.25265E+00
     0.51000E+01     0.24642E+00
     0.52000E+01     0.24043E+00
     0.53000E+01     0.23466E+00
     0.54000E+01     0.22911E+00
     0.55000E+01     0.22375E+00
     0.56000E+01     0.21859E+00
     0.57000E+01     0.21361E+00
     0.58000E+01     0.20880E+00
     0.59000E+01     0.20415E+00
     0.60000E+01     0.19966E+00
     0.61000E+01     0.19532E+00
     0.62000E+01     0.19113E+00
     0.63000E+01     0.18706E+00
     0.64000E+01     0.18313E+00
     0.65000E+01     0.17932E+00
     0.66000E+01     0.17563E+00
     0.67000E+01     0.17206E+00
     0.68000E+01     0.16859E+00
     0.69000E+01     0.16522E+00
     0.70000E+01     0.16196E+00
     0.71000E+01     0.15879E+00
     0.72000E+01     0.15571E+00
     0.73000E+01     0.15272E+00
     0.74000E+01     0.14982E+00
     0.75000E+01     0.14699E+00
     0.76000E+01     0.14425E+00
     0.77000E+01     0.14157E+00
     0.78000E+01     0.13898E+00
     0.79000E+01     0.13645E+00
     0.80000E+01     0.13398E+00
     0.81000E+01     0.13159E+00
     0.82000E+01     0.12925E+00
     0.83000E+01     0.12698E+00
     0.84000E+01     0.12476E+00
     0.85000E+01     0.12260E+00
     0.86000E+01     0.12049E+00
     0.87000E+01     0.11844E+00
     0.88000E+01     0.11643E+00
     0.89000E+01     0.11448E+00
     0.90000E+01     0.11257E+00
     0.91000E+01     0.11070E+00
     0.92000E+01     0.10888E+00
     0.93000E+01     0.10711E+00
     0.94000E+01     0.10537E+00
     0.95000E+01     0.10368E+00
     0.96000E+01     0.10202E+00
     0.97000E+01     0.10040E+00
     0.98000E+01     0.98817E-01
     0.99000E+01     0.97269E-01
     0.10000E+02     0.95756E-01
     0.11000E+02     0.82296E-01
     0.12000E+02     0.71341E-01
     0.13000E+02     0.62301E-01
     0.14000E+02     0.54754E-01
     0.15000E+02     0.48389E-01
     0.16000E+02     0.42973E-01
     0.17000E+02     0.38330E-01
     0.18000E+02     0.34322E-01
     0.19000E+02     0.30842E-01
     0.20000E+02     0.27802E-01
     0.21000E+02     0.25135E-01
     0.22000E+02     0.22783E-01
     0.23000E+02     0.20702E-01
     0.24000E+02     0.18853E-01
     0.25000E+02     0.17204E-01
     0.26000E+02     0.15730E-01
     0.27000E+02     0.14408E-01
     0.28000E+02     0.13218E-01
     0.29000E+02     0.12146E-01
     0.30000E+02     0.11176E-01
     0.31000E+02     0.10298E-01
     0.32000E+02     0.95006E-02
     0.33000E+02     0.87755E-02
     0.34000E+02     0.81148E-02
     0.35000E+02     0.75118E-02
     0.36000E+02     0.69604E-02
     0.37000E+02     0.64556E-02
     0.38000E+02     0.59927E-02
     0.39000E+02     0.55676E-02
     0.40000E+02     0.51768E-02
     0.41000E+02     0.48171E-02
     0.42000E+02     0.44856E-02
     0.43000E+02     0.41797E-02
     0.44000E+02     0.38972E-02
     0.45000E+02     0.36361E-02
     0.46000E+02     0.33944E-02
     0.47000E+02     0.31707E-02
     0.48000E+02     0.29632E-02
     0.49000E+02     0.27708E-02
     0.50000E+02     0.25922E-02
     0.51000E+02     0.24262E-02
     0.52000E+02     0.22719E-02
     0.53000E+02     0.21284E-02
     0.54000E+02     0.19948E-02
     0.55000E+02     0.18703E-02
     0.56000E+02     0.17544E-02
     0.57000E+02     0.16462E-02
     0.58000E+02     0.15454E-02
     0.59000E+02     0.14512E-02
     0.60000E+02     0.13633E-02
     0.61000E+02     0.12812E-02
     0.62000E+02     0.12044E-02
     0.63000E+02     0.11327E-02
     0.64000E+02     0.10656E-02
     0.65000E+02     0.10029E-02
     0.66000E+02     0.94419E-03
     0.67000E+02     0.88929E-03
     0.68000E+02     0.83793E-03
     0.69000E+02     0.78989E-03
     0.70000E+02     0.74496E-03
     0.71000E+02     0.70297E-03
     0.72000E+02     0.66374E-03
     0.73000E+02     0.62713E-03
     0.74000E+02     0.59301E-03
     0.75000E+02     0.56126E-03
     0.76000E+02     0.53178E-03
     0.77000E+02     0.50448E-03
     0.78000E+02     0.47930E-03
     0.79000E+02     0.45618E-03
     0.80000E+02     0.43509E-03
     0.81000E+02     0.41599E-03
     0.82000E+02     0.39890E-03
     0.83000E+02     0.38381E-03
     0.84000E+02     0.37074E-03
     0.85000E+02     0.35973E-03
     0.86000E+02     0.35084E-03
     0.87000E+02     0.34413E-03
     0.88000E+02     0.33965E-03
     0.89000E+02     0.33748E-03
     0.90000E+02     0.33769E-03
     0.91000E+02     0.34032E-03
     0.92000E+02     0.34539E-03
     0.93000E+02     0.35289E-03
     0.94000E+02     0.36276E-03
     0.95000E+02     0.37483E-03
     0.96000E+02     0.38888E-03
     0.97000E+02     0.40456E-03
     0.98000E+02     0.42139E-03
     0.99000E+02     0.43879E-03
     0.10000E+03     0.45604E-03
     0.10100E+03     0.47233E-03
     0.10200E+03     0.48677E-03
     0.10300E+03     0.49845E-03
     0.10400E+03     0.50649E-03
     0.10500E+03     0.51011E-03
     0.10600E+03     0.50869E-03
     0.10700E+03     0.50180E-03
     0.10800E+03     0.48927E-03
     0.10900E+03     0.47126E-03
     0.11000E+03     0.44821E-03
     0.11100E+03     0.42080E-03
     0.11200E+03     0.38987E-03
     0.11300E+03     0.35637E-03
     0.11400E+03     0.32128E-03
     0.11500E+03     0.28552E-03
     0.11600E+03     0.24997E-03
     0.11700E+03     0.21537E-03
     0.11800E+03     0.18231E-03
     0.11900E+03     0.15126E-03
     0.12000E+03     0.12251E-03
     0.12100E+03     0.96251E-04
     0.12200E+03     0.72547E-04
     0.12300E+03     0.51379E-04
     0.12400E+03     0.32660E-04
     0.12500E+03     0.16255E-04
     0.12600E+03     0.19952E-05
     0.12700E+03    -0.10300E-04
     0.12800E+03    -0.20817E-04
     0.12900E+03    -0.29744E-04
     0.13000E+03    -0.37258E-04
     0.13100E+03    -0.43530E-04
     0.13200E+03    -0.48712E-04
     0.13300E+03    -0.52945E-04
     0.13400E+03    -0.56355E-04
     0.13500E+03    -0.59059E-04
     0.13600E+03    -0.61155E-04
     0.13700E+03    -0.62734E-04
     0.13800E+03    -0.63872E-04
     0.13900E+03    -0.64637E-04
     0.14000E+03    -0.65091E-04
     0.14100E+03    -0.65286E-04
     0.14200E+03    -0.65265E-04
     0.14300E+03    -0.65067E-04
     0.14400E+03    -0.64725E-04
     0.14500E+03    -0.64270E-04
     0.14600E+03    -0.63726E-04
     0.14700E+03    -0.63113E-04
     0.14800E+03    -0.62448E-04
     0.14900E+03    -0.61746E-04
     0.15000E+03    -0.61021E-04
     0.15100E+03    -0.60284E-04
     0.15200E+03    -0.59541E-04
     0.15300E+03    -0.58801E-04
     0.15400E+03    -0.58068E-04
     0.15500E+03    -0.57348E-04
     0.15600E+03    -0.56645E-04
     0.15700E+03    -0.55960E-04
     0.15800E+03    -0.55295E-04
     0.15900E+03    -0.54652E-04
     0.16000E+03    -0.54031E-04
     0.16100E+03    -0.53433E-04
     0.16200E+03    -0.52858E-04
     0.16300E+03    -0.52305E-04
     0.16400E+03    -0.51774E-04
     0.16500E+03    -0.51263E-04
     0.16600E+03    -0.50772E-04
     0.16700E+03    -0.50300E-04
     0.16800E+03    -0.49845E-04
     0.16900E+03    -0.49407E-04
     0.17000E+03    -0.48983E-04
     0.17100E+03    -0.48573E-04
     0.17200E+03    -0.48176E-04
     0.17300E+03    -0.47790E-04
     0.17400E+03    -0.47413E-04
     0.17500E+03    -0.47045E-04
     0.17600E+03    -0.46685E-04
     0.17700E+03    -0.46330E-04
     0.17800E+03    -0.45982E-04
     0.17900E+03    -0.45637E-04
     0.18000E+03    -0.45296E-04
     0.18100E+03    -0.44957E-04
     0.18200E+03    -0.44620E-04
     0.18300E+03    -0.44285E-04
     0.18400E+03    -0.43950E-04
     0.18500E+03    -0.43615E-04
     0.18600E+03    -0.43279E-04
     0.18700E+03    -0.42942E-04
     0.18800E+03    -0.42605E-04
     0.18900E+03    -0.42267E-04
     0.19000E+03    -0.41928E-04
     0.19100E+03    -0.41588E-04
     0.19200E+03    -0.41248E-04
     0.19300E+03    -0.40906E-04
     0.19400E+03    -0.40565E-04
     0.19500E+03    -0.40225E-04
     0.19600E+03    -0.39886E-04
     0.19700E+03    -0.39548E-04
     0.19800E+03    -0.39213E-04
     0.19900E+03    -0.38881E-04
     0.20000E+03    -0.38552E-04
     0.20100E+03    -0.38229E-04
     0.20200E+03    -0.37911E-04
     0.20300E+03    -0.37598E-04
     0.20400E+03    -0.37292E-04
     0.20500E+03    -0.36991E-04
     0.20600E+03    -0.36698E-04
     0.20700E+03    -0.36411E-04
     0.20800E+03    -0.36130E-04
     0.20900E+03    -0.35854E-04
     0.21000E+03    -0.35584E-04
     0.21100E+03    -0.35317E-04
     0.21200E+03    -0.35053E-04
     0.21300E+03    -0.34790E-04
     0.21400E+03    -0.34528E-04
     0.21500E+03    -0.34264E-04
     0.21600E+03    -0.33998E-04
     0.21700E+03    -0.33727E-04
     0.21800E+03    -0.33450E-04
     0.21900E+03    -0.33166E-04
     0.22000E+03    -0.32875E-04
     0.22100E+03    -0.32575E-04
     0.22200E+03    -0.32266E-04
     0.22300E+03    -0.31947E-04
     0.22400E+03    -0.31618E-04
     0.22500E+03    -0.31280E-04
     0.22600E+03    -0.30933E-04
     0.22700E+03    -0.30578E-04
     0.22800E+03    -0.30215E-04
     0.22900E+03    -0.29845E-04
     0.23000E+03    -0.29470E-04
     0.23100E+03    -0.29090E-04
     0.23200E+03    -0.28707E-04
     0.23300E+03    -0.28321E-04
     0.23400E+03    -0.27934E-04
     0.23500E+03    -0.27547E-04
     0.23600E+03    -0.27160E-04
     0.23700E+03    -0.26776E-04
     0.23800E+03    -0.26393E-04
     0.23900E+03    -0.26014E-04
     0.24000E+03    -0.25639E-04
     0.24100E+03    -0.25268E-04
     0.24200E+03    -0.24903E-04
     0.24300E+03    -0.24542E-04
     0.24400E+03    -0.24187E-04
     0.24500E+03    -0.23838E-04
     0.24600E+03    -0.23494E-04
     0.24700E+03    -0.23157E-04
     0.24800E+03    -0.22825E-04
     0.24900E+03    -0.22500E-04
     0.25000E+03    -0.22181E-04
     0.25100E+03    -0.21868E-04
     0.25200E+03    -0.21561E-04
     0.25300E+03    -0.21260E-04
     0.25400E+03    -0.20965E-04
     0.25500E+03    -0.20675E-04
     0.25600E+03    -0.20391E-04
     0.25700E+03    -0.20113E-04
     0.25800E+03    -0.19840E-04
     0.25900E+03    -0.19571E-04
     0.26000E+03    -0.19308E-04
     0.26100E+03    -0.19050E-04
     0.26200E+03    -0.18797E-04
     0.26300E+03    -0.18548E-04
     0.26400E+03    -0.18304E-04
     0.26500E+03    -0.18065E-04
     0.26600E+03    -0.17829E-04
     0.26700E+03    -0.17598E-04
     0.26800E+03    -0.17371E-04
     0.26900E+03    -0.17148E-04
     0.27000E+03    -0.16929E-04
     0.27100E+03    -0.16714E-04
     0.27200E+03    -0.16502E-04
     0.27300E+03    -0.16294E-04
     0.27400E+03    -0.16090E-04
     0.27500E+03    -0.15889E-04
     0.27600E+03    -0.15691E-04
     0.27700E+03    -0.15497E-04
     0.27800E+03    -0.15306E-04
     0.27900E+03    -0.15118E-04
     0.28000E+03    -0.14933E-04
     0.28100E+03    -0.14752E-04
     0.28200E+03    -0.14573E-04
     0.28300E+03    -0.14397E-04
     0.28400E+03    -0.14224E-04
     0.28500E+03    -0.14054E-04
     0.28600E+03    -0.13887E-04
     0.28700E+03    -0.13722E-04
     0.28800E+03    -0.13561E-04
     0.28900E+03    -0.13401E-04
     0.29000E+03    -0.13245E-04
     0.29100E+03    -0.13090E-04
     0.29200E+03    -0.12939E-04
     0.29300E+03    -0.12790E-04
     0.29400E+03    -0.12643E-04
     0.29500E+03    -0.12499E-04
     0.29600E+03    -0.12357E-04
     0.29700E+03    -0.12217E-04
     0.29800E+03    -0.12080E-04
     0.29900E+03    -0.11944E-04
     0.30000E+03    -0.11811E-04
     0.30100E+03    -0.11680E-04
     0.30200E+03    -0.11551E-04
     0.30300E+03    -0.11425E-04
     0.30400E+03    -0.11300E-04
     0.30500E+03    -0.11177E-04
     0.30600E+03    -0.11056E-04
     0.30700E+03    -0.10937E-04
     0.30800E+03    -0.10820E-04
     0.30900E+03    -0.10705E-04
     0.31000E+03    -0.10592E-04
     0.31100E+03    -0.10480E-04
     0.31200E+03    -0.10370E-04
     0.31300E+03    -0.10262E-04
     0.31400E+03    -0.10156E-04
     0.31500E+03    -0.10051E-04
     0.31600E+03    -0.99479E-05
     0.31700E+03    -0.98464E-05
     0.31800E+03    -0.97465E-05
     0.31900E+03    -0.96481E-05
     0.32000E+03    -0.95512E-05
     0.32100E+03    -0.94558E-05
     0.32200E+03    -0.93618E-05
     0.32300E+03    -0.92692E-05
     0.32400E+03    -0.91779E-05
     0.32500E+03    -0.90881E-05
     0.32600E+03    -0.89996E-05
     0.32700E+03    -0.89125E-05
     0.32800E+03    -0.88267E-05
     0.32900E+03    -0.87421E-05
     0.33000E+03    -0.86587E-05
     0.33100E+03    -0.85765E-05
     0.33200E+03    -0.84954E-05
     0.33300E+03    -0.84156E-05
     0.33400E+03    -0.83368E-05
     0.33500E+03    -0.82593E-05
     0.33600E+03    -0.81828E-05
     0.33700E+03    -0.81075E-05
     0.33800E+03    -0.80331E-05
     0.33900E+03    -0.79597E-05
     0.34000E+03    -0.78874E-05
     0.34100E+03    -0.78160E-05
     0.34200E+03    -0.77455E-05
     0.34300E+03    -0.76761E-05
     0.34400E+03    -0.76076E-05
     0.34500E+03    -0.75401E-05
     0.34600E+03    -0.74734E-05
     0.34700E+03    -0.74075E-05
     0.34800E+03    -0.73425E-05
     0.34900E+03    -0.72783E-05
     0.35000E+03    -0.72150E-05
     0.35100E+03    -0.71524E-05
     0.35200E+03    -0.70906E-05
     0.35300E+03    -0.70297E-05
     0.35400E+03    -0.69695E-05
     0.35500E+03    -0.69101E-05
     0.35600E+03    -0.68514E-05
     0.35700E+03    -0.67933E-05
     0.35800E+03    -0.67360E-05
     0.35900E+03    -0.66793E-05
     0.36000E+03    -0.66233E-05
     0.36100E+03    -0.65680E-05
     0.36200E+03    -0.65133E-05
     0.36300E+03    -0.64593E-05
     0.36400E+03    -0.64060E-05
     0.36500E+03    -0.63532E-05
     0.36600E+03    -0.63010E-05
     0.36700E+03    -0.62494E-05
     0.36800E+03    -0.61983E-05
     0.36900E+03    -0.61478E-05
     0.37000E+03    -0.60979E-05
     0.37100E+03    -0.60486E-05
     0.37200E+03    -0.59998E-05
     0.37300E+03    -0.59515E-05
     0.37400E+03    -0.59038E-05
     0.37500E+03    -0.58566E-05
     0.37600E+03    -0.58098E-05
     0.37700E+03    -0.57636E-05
     0.37800E+03    -0.57177E-05
     0.37900E+03    -0.56724E-05
     0.38000E+03    -0.56276E-05
     0.38100E+03    -0.55833E-05
     0.38200E+03    -0.55394E-05
     0.38300E+03    -0.54960E-05
     0.38400E+03    -0.54530E-05
     0.38500E+03    -0.54104E-05
     0.38600E+03    -0.53683E-05
     0.38700E+03    -0.53265E-05
     0.38800E+03    -0.52852E-05
     0.38900E+03    -0.52442E-05
     0.39000E+03    -0.52037E-05
     0.39100E+03    -0.51636E-05
     0.39200E+03    -0.51239E-05
     0.39300E+03    -0.50846E-05
     0.39400E+03    -0.50457E-05
     0.39500E+03    -0.50071E-05
     0.39600E+03    -0.49689E-05
     0.39700E+03    -0.49310E-05
     0.39800E+03    -0.48935E-05
     0.39900E+03    -0.48563E-05
     0.40000E+03    -0.48195E-05
     0.40100E+03    -0.47831E-05
     0.40200E+03    -0.47470E-05
     0.40300E+03    -0.47113E-05
     0.40400E+03    -0.46758E-05
     0.40500E+03    -0.46407E-05
     0.40600E+03    -0.46059E-05
     0.40700E+03    -0.45714E-05
     0.40800E+03    -0.45372E-05
     0.40900E+03    -0.45033E-05
     0.41000E+03    -0.44697E-05
     0.41100E+03    -0.44365E-05
     0.41200E+03    -0.44036E-05
     0.41300E+03    -0.43709E-05
     0.41400E+03    -0.43386E-05
     0.41500E+03    -0.43065E-05
     0.41600E+03    -0.42747E-05
     0.41700E+03    -0.42432E-05
     0.41800E+03    -0.42119E-05
     0.41900E+03    -0.41809E-05
     0.42000E+03    -0.41502E-05
     0.42100E+03    -0.41198E-05
     0.42200E+03    -0.40897E-05
     0.42300E+03    -0.40599E-05
     0.42400E+03    -0.40303E-05
     0.42500E+03    -0.40009E-05
     0.42600E+03    -0.39718E-05
     0.42700E+03    -0.39429E-05
     0.42800E+03    -0.39143E-05
     0.42900E+03    -0.38859E-05
     0.43000E+03    -0.38578E-05
     0.43100E+03    -0.38299E-05
     0.43200E+03    -0.38022E-05
     0.43300E+03    -0.37749E-05
     0.43400E+03    -0.37478E-05
     0.43500E+03    -0.37209E-05
     0.43600E+03    -0.36942E-05
     0.43700E+03    -0.36677E-05
     0.43800E+03    -0.36414E-05
     0.43900E+03    -0.36154E-05
     0.44000E+03    -0.35895E-05
     0.44100E+03    -0.35639E-05
     0.44200E+03    -0.35385E-05
     0.44300E+03    -0.35134E-05
     0.44400E+03    -0.34885E-05
     0.44500E+03    -0.34638E-05
     0.44600E+03    -0.34393E-05
     0.44700E+03    -0.34150E-05
     0.44800E+03    -0.33909E-05
     0.44900E+03    -0.33670E-05
     0.45000E+03    -0.33432E-05
     0.45100E+03    -0.33197E-05
     0.45200E+03    -0.32963E-05
     0.45300E+03    -0.32732E-05
     0.45400E+03    -0.32503E-05
     0.45500E+03    -0.32276E-05
     0.45600E+03    -0.32051E-05
     0.45700E+03    -0.31828E-05
     0.45800E+03    -0.31606E-05
     0.45900E+03    -0.31386E-05
     0.46000E+03    -0.31168E-05
     0.46100E+03    -0.30951E-05
     0.46200E+03    -0.30737E-05
     0.46300E+03    -0.30524E-05
     0.46400E+03    -0.30312E-05
     0.46500E+03    -0.30103E-05
     0.46600E+03    -0.29896E-05
     0.46700E+03    -0.29691E-05
     0.46800E+03    -0.29487E-05
     0.46900E+03    -0.29285E-05
     0.47000E+03    -0.29085E-05
     0.47100E+03    -0.28886E-05
     0.47200E+03    -0.28688E-05
     0.47300E+03    -0.28492E-05
     0.47400E+03    -0.28297E-05
     0.47500E+03    -0.28104E-05
     0.47600E+03    -0.27913E-05
     0.47700E+03    -0.27724E-05
     0.47800E+03    -0.27537E-05
     0.47900E+03    -0.27351E-05
     0.48000E+03    -0.27166E-05
     0.48100E+03    -0.26983E-05
     0.48200E+03    -0.26801E-05
     0.48300E+03    -0.26621E-05
     0.48400E+03    -0.26442E-05
     0.48500E+03    -0.26264E-05
     0.48600E+03    -0.26087E-05
     0.48700E+03    -0.25913E-05
     0.48800E+03    -0.25740E-05
     0.48900E+03    -0.25568E-05
     0.49000E+03    -0.25398E-05
     0.49100E+03    -0.25230E-05
     0.49200E+03    -0.25062E-05
     0.49300E+03    -0.24896E-05
     0.49400E+03    -0.24731E-05
     0.49500E+03    -0.24568E-05
     0.49600E+03    -0.24405E-05
     0.49700E+03    -0.24244E-05
     0.49800E+03    -0.24084E-05
     0.49900E+03    -0.23925E-05
     0.50000E+03    -0.23768E-05
     0.50500E+03    -0.23002E-05
     0.51000E+03    -0.22264E-05
     0.51500E+03    -0.21557E-05
     0.52000E+03    -0.20876E-05
     0.52500E+03    -0.20220E-05
     0.53000E+03    -0.19592E-05
     0.53500E+03    -0.18985E-05
     0.54000E+03    -0.18403E-05
     0.54500E+03    -0.17843E-05
     0.55000E+03    -0.17301E-05
     0.55500E+03    -0.16782E-05
     0.56000E+03    -0.16280E-05
     0.56500E+03    -0.15797E-05
     0.57000E+03    -0.15333E-05
     0.57500E+03    -0.14882E-05
     0.58000E+03    -0.14450E-05
     0.58500E+03    -0.14033E-05
     0.59000E+03    -0.13628E-05
     0.59500E+03    -0.13240E-05
     0.60000E+03    -0.12865E-05
     0.60500E+03    -0.12500E-05
     0.61000E+03    -0.12151E-05
     0.61500E+03    -0.11812E-05
     0.62000E+03    -0.11483E-05
     0.62500E+03    -0.11168E-05
     0.63000E+03    -0.10861E-05
     0.63500E+03    -0.10563E-05
     0.64000E+03    -0.10278E-05
     0.64500E+03    -0.99996E-06
     0.65000E+03    -0.97296E-06
     0.65500E+03    -0.94714E-06
     0.66000E+03    -0.92187E-06
     0.66500E+03    -0.89731E-06
     0.67000E+03    -0.87388E-06
     0.67500E+03    -0.85090E-06
     0.68000E+03    -0.82852E-06
     0.68500E+03    -0.80713E-06
     0.69000E+03    -0.78629E-06
     0.69500E+03    -0.76586E-06
     0.70000E+03    -0.74634E-06
     0.70500E+03    -0.72741E-06
     0.71000E+03    -0.70871E-06
     0.71500E+03    -0.69082E-06
     0.72000E+03    -0.67357E-06
     0.72500E+03    -0.65652E-06
     0.73000E+03    -0.64006E-06
     0.73500E+03    -0.62430E-06
     0.74000E+03    -0.60883E-06
     0.74500E+03    -0.59362E-06
     0.75000E+03    -0.57916E-06
     0.75500E+03    -0.56513E-06
     0.76000E+03    -0.55115E-06
     0.76500E+03    -0.53777E-06
     0.77000E+03    -0.52495E-06
     0.77500E+03    -0.51223E-06
     0.78000E+03    -0.49982E-06
     0.78500E+03    -0.48798E-06
     0.79000E+03    -0.47650E-06
     0.79500E+03    -0.46508E-06
     0.80000E+03    -0.45399E-06
     0.80500E+03    -0.44352E-06
     0.81000E+03    -0.43314E-06
     0.81500E+03    -0.42282E-06
     0.82000E+03    -0.41307E-06
     0.82500E+03    -0.40366E-06
     0.83000E+03    -0.39425E-06
     0.83500E+03    -0.38509E-06
     0.84000E+03    -0.37636E-06
     0.84500E+03    -0.36786E-06
     0.85000E+03    -0.35943E-06
     0.85500E+03    -0.35117E-06
     0.86000E+03    -0.34335E-06
     0.86500E+03    -0.33576E-06
     0.87000E+03    -0.32808E-06
     0.87500E+03    -0.32066E-06
     0.88000E+03    -0.31371E-06
     0.88500E+03    -0.30681E-06
     0.89000E+03    -0.29987E-06
     0.89500E+03    -0.29325E-06
     0.90000E+03    -0.28694E-06
     0.90500E+03    -0.28069E-06
     0.91000E+03    -0.27448E-06
     0.91500E+03    -0.26847E-06
     0.92000E+03    -0.26273E-06
     0.92500E+03    -0.25717E-06
     0.93000E+03    -0.25157E-06
     0.93500E+03    -0.24604E-06
     0.94000E+03    -0.24089E-06
     0.94500E+03    -0.23592E-06
     0.95000E+03    -0.23080E-06
     0.95500E+03    -0.22577E-06
     0.96000E+03    -0.22112E-06
     0.96500E+03    -0.21662E-06
     0.97000E+03    -0.21200E-06
     0.97500E+03    -0.20746E-06
     0.98000E+03    -0.20319E-06
     0.98500E+03    -0.19907E-06
     0.99000E+03    -0.19496E-06
     0.99500E+03    -0.19088E-06
     0.10000E+04    -0.18690E-06
     0.10471E+04    -0.15421E-06
     0.10964E+04    -0.12691E-06
     0.11480E+04    -0.10416E-06
     0.12020E+04    -0.85226E-07
     0.12586E+04    -0.69617E-07
     0.13178E+04    -0.56667E-07
     0.13799E+04    -0.46111E-07
     0.14448E+04    -0.37413E-07
     0.15129E+04    -0.30416E-07
     0.15841E+04    -0.24719E-07
     0.16586E+04    -0.20155E-07
     0.17367E+04    -0.16440E-07
     0.18185E+04    -0.13432E-07
     0.19041E+04    -0.11005E-07
     0.19937E+04    -0.90260E-08
     0.20876E+04    -0.74727E-08
     0.21858E+04    -0.61777E-08
     0.22887E+04    -0.51454E-08
     0.23965E+04    -0.42727E-08
     0.25093E+04    -0.35590E-08
     0.26274E+04    -0.29827E-08
     0.27511E+04    -0.24931E-08
     0.28806E+04    -0.20928E-08
     0.30162E+04    -0.17475E-08
     0.31582E+04    -0.14605E-08
     0.33069E+04    -0.12258E-08
     0.34625E+04    -0.10235E-08
     0.36255E+04    -0.85662E-09
     0.37962E+04    -0.71284E-09
     0.39749E+04    -0.59461E-09
     0.41620E+04    -0.49566E-09
     0.43579E+04    -0.41152E-09
     0.45631E+04    -0.34114E-09
     0.47779E+04    -0.28265E-09
     0.50028E+04    -0.23263E-09
     0.52383E+04    -0.19130E-09
     0.54849E+04    -0.15604E-09
     0.57431E+04    -0.12629E-09
     0.60135E+04    -0.10113E-09
     0.62965E+04    -0.79843E-10
     0.65929E+04    -0.61394E-10
     0.69033E+04    -0.45695E-10
     0.72283E+04    -0.32097E-10
     0.75685E+04    -0.20243E-10
     0.79248E+04    -0.97395E-11
     0.82979E+04    -0.48333E-12
     0.86885E+04     0.78810E-11
     0.90975E+04     0.15475E-10
     0.95258E+04     0.22470E-10
     0.99742E+04     0.28998E-10
     0.10444E+05     0.35132E-10
     0.10935E+05     0.40976E-10
     0.11450E+05     0.46571E-10
     0.11989E+05     0.51968E-10
     0.12554E+05     0.57190E-10
     0.13144E+05     0.62243E-10
     0.13763E+05     0.67135E-10
     0.14411E+05     0.71829E-10
     0.15090E+05     0.76315E-10
