    0.10000000E-04    0.18127167E+02
    0.10202013E-04    0.18479666E+02
    0.10408108E-04    0.18839019E+02
    0.10618365E-04    0.19205359E+02
    0.10832871E-04    0.19578822E+02
    0.11051709E-04    0.19959546E+02
    0.11274969E-04    0.20347673E+02
    0.11502738E-04    0.20743346E+02
    0.11735109E-04    0.21146713E+02
    0.11972174E-04    0.21557922E+02
    0.12214028E-04    0.21977126E+02
    0.12460767E-04    0.22404480E+02
    0.12712492E-04    0.22840143E+02
    0.12969301E-04    0.23284277E+02
    0.13231298E-04    0.23737045E+02
    0.13498588E-04    0.24198616E+02
    0.13771278E-04    0.24669160E+02
    0.14049476E-04    0.25148853E+02
    0.14333294E-04    0.25637871E+02
    0.14622846E-04    0.26136396E+02
    0.14918247E-04    0.26644613E+02
    0.15219616E-04    0.27162709E+02
    0.15527072E-04    0.27690878E+02
    0.15840740E-04    0.28229313E+02
    0.16160744E-04    0.28778216E+02
    0.16487213E-04    0.29337788E+02
    0.16820276E-04    0.29908238E+02
    0.17160069E-04    0.30489777E+02
    0.17506725E-04    0.31082619E+02
    0.17860384E-04    0.31686985E+02
    0.18221188E-04    0.32303098E+02
    0.18589280E-04    0.32931187E+02
    0.18964809E-04    0.33571483E+02
    0.19347923E-04    0.34224223E+02
    0.19738777E-04    0.34889650E+02
    0.20137527E-04    0.35568010E+02
    0.20544332E-04    0.36259552E+02
    0.20959355E-04    0.36964535E+02
    0.21382762E-04    0.37683217E+02
    0.21814723E-04    0.38415865E+02
    0.22255409E-04    0.39162750E+02
    0.22704998E-04    0.39924148E+02
    0.23163670E-04    0.40700340E+02
    0.23631607E-04    0.41491614E+02
    0.24108997E-04    0.42298262E+02
    0.24596031E-04    0.43120582E+02
    0.25092904E-04    0.43958878E+02
    0.25599814E-04    0.44813459E+02
    0.26116965E-04    0.45684641E+02
    0.26644562E-04    0.46572747E+02
    0.27182818E-04    0.47478103E+02
    0.27731948E-04    0.48401044E+02
    0.28292170E-04    0.49341911E+02
    0.28863710E-04    0.50301051E+02
    0.29446796E-04    0.51278818E+02
    0.30041660E-04    0.52275572E+02
    0.30648542E-04    0.53291680E+02
    0.31267684E-04    0.54327519E+02
    0.31899333E-04    0.55383468E+02
    0.32543742E-04    0.56459918E+02
    0.33201169E-04    0.57557265E+02
    0.33871877E-04    0.58675913E+02
    0.34556135E-04    0.59816274E+02
    0.35254215E-04    0.60978767E+02
    0.35966397E-04    0.62163820E+02
    0.36692967E-04    0.63371869E+02
    0.37434214E-04    0.64603359E+02
    0.38190435E-04    0.65858741E+02
    0.38961933E-04    0.67138477E+02
    0.39749016E-04    0.68443037E+02
    0.40552000E-04    0.69772900E+02
    0.41371204E-04    0.71128554E+02
    0.42206958E-04    0.72510496E+02
    0.43059595E-04    0.73919233E+02
    0.43929457E-04    0.75355280E+02
    0.44816891E-04    0.76819164E+02
    0.45722252E-04    0.78311422E+02
    0.46645903E-04    0.79832598E+02
    0.47588212E-04    0.81383249E+02
    0.48549558E-04    0.82963942E+02
    0.49530324E-04    0.84575254E+02
    0.50530903E-04    0.86217774E+02
    0.51551695E-04    0.87892100E+02
    0.52593108E-04    0.89598844E+02
    0.53655560E-04    0.91338627E+02
    0.54739474E-04    0.93112083E+02
    0.55845285E-04    0.94919857E+02
    0.56973434E-04    0.96762606E+02
    0.58124374E-04    0.98641000E+02
    0.59298564E-04    0.10055572E+03
    0.60496475E-04    0.10250746E+03
    0.61718584E-04    0.10449694E+03
    0.62965383E-04    0.10652486E+03
    0.64237368E-04    0.10859196E+03
    0.65535049E-04    0.11069900E+03
    0.66858944E-04    0.11284673E+03
    0.68209585E-04    0.11503593E+03
    0.69587510E-04    0.11726738E+03
    0.70993271E-04    0.11954189E+03
    0.72427430E-04    0.12186029E+03
    0.73890561E-04    0.12422339E+03
    0.75383249E-04    0.12663206E+03
    0.76906092E-04    0.12908715E+03
    0.78459698E-04    0.13158955E+03
    0.80044689E-04    0.13414015E+03
    0.81661699E-04    0.13673986E+03
    0.83311375E-04    0.13938961E+03
    0.84994376E-04    0.14209035E+03
    0.86711377E-04    0.14484304E+03
    0.88463063E-04    0.14764866E+03
    0.90250135E-04    0.15050820E+03
    0.92073309E-04    0.15342269E+03
    0.93933313E-04    0.15639315E+03
    0.95830892E-04    0.15942063E+03
    0.97766804E-04    0.16250621E+03
    0.99741825E-04    0.16565098E+03
    0.10175674E-03    0.16885604E+03
    0.10381237E-03    0.17212253E+03
    0.10590951E-03    0.17545159E+03
    0.10804903E-03    0.17884440E+03
    0.11023176E-03    0.18230214E+03
    0.11245859E-03    0.18582602E+03
    0.11473041E-03    0.18941728E+03
    0.11704812E-03    0.19307718E+03
    0.11941264E-03    0.19680698E+03
    0.12182494E-03    0.20060800E+03
    0.12428597E-03    0.20448155E+03
    0.12679671E-03    0.20842899E+03
    0.12935817E-03    0.21245167E+03
    0.13197138E-03    0.21655100E+03
    0.13463738E-03    0.22072840E+03
    0.13735724E-03    0.22498532E+03
    0.14013204E-03    0.22932321E+03
    0.14296289E-03    0.23374359E+03
    0.14585093E-03    0.23824798E+03
    0.14879732E-03    0.24283793E+03
    0.15180322E-03    0.24751502E+03
    0.15486985E-03    0.25228086E+03
    0.15799843E-03    0.25713708E+03
    0.16119021E-03    0.26208536E+03
    0.16444647E-03    0.26712739E+03
    0.16776851E-03    0.27226491E+03
    0.17115766E-03    0.27749967E+03
    0.17461527E-03    0.28283347E+03
    0.17814273E-03    0.28826813E+03
    0.18174145E-03    0.29380552E+03
    0.18541287E-03    0.29944753E+03
    0.18915846E-03    0.30519609E+03
    0.19297972E-03    0.31105317E+03
    0.19687817E-03    0.31702077E+03
    0.20085537E-03    0.32310093E+03
    0.20491292E-03    0.32929575E+03
    0.20905243E-03    0.33560733E+03
    0.21327557E-03    0.34203783E+03
    0.21758402E-03    0.34858947E+03
    0.22197951E-03    0.35526447E+03
    0.22646380E-03    0.36206515E+03
    0.23103867E-03    0.36899381E+03
    0.23570596E-03    0.37605286E+03
    0.24046754E-03    0.38324470E+03
    0.24532530E-03    0.39057181E+03
    0.25028120E-03    0.39803672E+03
    0.25533722E-03    0.40564199E+03
    0.26049537E-03    0.41339025E+03
    0.26575773E-03    0.42128417E+03
    0.27112639E-03    0.42932648E+03
    0.27660351E-03    0.43751995E+03
    0.28219127E-03    0.44586744E+03
    0.28789191E-03    0.45437183E+03
    0.29370771E-03    0.46303608E+03
    0.29964100E-03    0.47186320E+03
    0.30569415E-03    0.48085627E+03
    0.31186958E-03    0.49001842E+03
    0.31816977E-03    0.49935284E+03
    0.32459722E-03    0.50886281E+03
    0.33115452E-03    0.51855166E+03
    0.33784428E-03    0.52842279E+03
    0.34466919E-03    0.53847966E+03
    0.35163197E-03    0.54872581E+03
    0.35873541E-03    0.55916486E+03
    0.36598234E-03    0.56980050E+03
    0.37337568E-03    0.58063647E+03
    0.38091837E-03    0.59167662E+03
    0.38861343E-03    0.60292487E+03
    0.39646394E-03    0.61438521E+03
    0.40447304E-03    0.62606172E+03
    0.41264394E-03    0.63795856E+03
    0.42097990E-03    0.65007997E+03
    0.42948426E-03    0.66243030E+03
    0.43816042E-03    0.67501396E+03
    0.44701184E-03    0.68783546E+03
    0.45604208E-03    0.70089941E+03
    0.46525474E-03    0.71421051E+03
    0.47465351E-03    0.72777354E+03
    0.48424215E-03    0.74159340E+03
    0.49402449E-03    0.75567508E+03
    0.50400445E-03    0.77002366E+03
    0.51418601E-03    0.78464435E+03
    0.52457326E-03    0.79954243E+03
    0.53517034E-03    0.81472332E+03
    0.54598150E-03    0.83019253E+03
    0.55701106E-03    0.84595567E+03
    0.56826343E-03    0.86201850E+03
    0.57974311E-03    0.87838684E+03
    0.59145470E-03    0.89506668E+03
    0.60340288E-03    0.91206410E+03
    0.61559242E-03    0.92938529E+03
    0.62802821E-03    0.94703658E+03
    0.64071523E-03    0.96502442E+03
    0.65365853E-03    0.98335538E+03
    0.66686331E-03    0.10020362E+04
    0.68033484E-03    0.10210736E+04
    0.69407852E-03    0.10404746E+04
    0.70809983E-03    0.10602463E+04
    0.72240440E-03    0.10803959E+04
    0.73699794E-03    0.11009307E+04
    0.75188628E-03    0.11218583E+04
    0.76707539E-03    0.11431862E+04
    0.78257134E-03    0.11649222E+04
    0.79838033E-03    0.11870741E+04
    0.81450869E-03    0.12096501E+04
    0.83096285E-03    0.12326583E+04
    0.84774942E-03    0.12561069E+04
    0.86487509E-03    0.12800043E+04
    0.88234673E-03    0.13043592E+04
    0.90017131E-03    0.13291802E+04
    0.91835598E-03    0.13544762E+04
    0.93690800E-03    0.13802560E+04
    0.95583480E-03    0.14065288E+04
    0.97514394E-03    0.14333037E+04
    0.99484316E-03    0.14605901E+04
    0.10149403E-02    0.14883973E+04
    0.10354435E-02    0.15167348E+04
    0.10563608E-02    0.15456123E+04
    0.10777007E-02    0.15750395E+04
    0.10994717E-02    0.16050262E+04
    0.11216825E-02    0.16355821E+04
    0.11443420E-02    0.16667173E+04
    0.11674593E-02    0.16984417E+04
    0.11910435E-02    0.17307653E+04
    0.12151042E-02    0.17636981E+04
    0.12396509E-02    0.17972502E+04
    0.12646935E-02    0.18314316E+04
    0.12902420E-02    0.18662522E+04
    0.13163066E-02    0.19017221E+04
    0.13428978E-02    0.19378512E+04
    0.13700261E-02    0.19746491E+04
    0.13977025E-02    0.20121256E+04
    0.14259380E-02    0.20502902E+04
    0.14547438E-02    0.20891521E+04
    0.14841316E-02    0.21287207E+04
    0.15141130E-02    0.21690046E+04
    0.15447002E-02    0.22100126E+04
    0.15759052E-02    0.22517530E+04
    0.16077406E-02    0.22942336E+04
    0.16402191E-02    0.23374620E+04
    0.16733537E-02    0.23814454E+04
    0.17071577E-02    0.24261903E+04
    0.17416446E-02    0.24717029E+04
    0.17768281E-02    0.25179887E+04
    0.18127224E-02    0.25650526E+04
    0.18493418E-02    0.26128987E+04
    0.18867010E-02    0.26615306E+04
    0.19248149E-02    0.27109510E+04
    0.19636988E-02    0.27611617E+04
    0.20033681E-02    0.28121637E+04
    0.20438388E-02    0.28639572E+04
    0.20851271E-02    0.29165411E+04
    0.21272495E-02    0.29699134E+04
    0.21702228E-02    0.30240712E+04
    0.22140642E-02    0.30790102E+04
    0.22587912E-02    0.31347250E+04
    0.23044218E-02    0.31912091E+04
    0.23509742E-02    0.32484546E+04
    0.23984671E-02    0.33064525E+04
    0.24469193E-02    0.33651922E+04
    0.24963504E-02    0.34246621E+04
    0.25467800E-02    0.34848489E+04
    0.25982284E-02    0.35457383E+04
    0.26507161E-02    0.36073144E+04
    0.27042641E-02    0.36695600E+04
    0.27588938E-02    0.37324566E+04
    0.28146272E-02    0.37959841E+04
    0.28714864E-02    0.38601214E+04
    0.29294943E-02    0.39248461E+04
    0.29886740E-02    0.39901342E+04
    0.30490492E-02    0.40559609E+04
    0.31106441E-02    0.41222999E+04
    0.31734833E-02    0.41891240E+04
    0.32375919E-02    0.42564050E+04
    0.33029956E-02    0.43241134E+04
    0.33697205E-02    0.43922191E+04
    0.34377934E-02    0.44606910E+04
    0.35072414E-02    0.45294972E+04
    0.35780924E-02    0.45986052E+04
    0.36503747E-02    0.46679817E+04
    0.37241171E-02    0.47375931E+04
    0.37993493E-02    0.48074052E+04
    0.38761012E-02    0.48773833E+04
    0.39544037E-02    0.49474926E+04
    0.40342879E-02    0.50176977E+04
    0.41157860E-02    0.50879634E+04
    0.41989303E-02    0.51582542E+04
    0.42837544E-02    0.52285343E+04
    0.43702919E-02    0.52987683E+04
    0.44585777E-02    0.53689204E+04
    0.45486469E-02    0.54389551E+04
    0.46405357E-02    0.55088370E+04
    0.47342807E-02    0.55785306E+04
    0.48299196E-02    0.56480008E+04
    0.49274904E-02    0.57172123E+04
    0.50270323E-02    0.57861304E+04
    0.51285851E-02    0.58547201E+04
    0.52321894E-02    0.59229468E+04
    0.53378866E-02    0.59907759E+04
    0.54457191E-02    0.60581730E+04
    0.55557299E-02    0.61251038E+04
    0.56679631E-02    0.61915339E+04
    0.57824636E-02    0.62574292E+04
    0.58992771E-02    0.63227553E+04
    0.60184504E-02    0.63874780E+04
    0.61400311E-02    0.64515629E+04
    0.62640680E-02    0.65149755E+04
    0.63906106E-02    0.65776811E+04
    0.65197095E-02    0.66396450E+04
    0.66514163E-02    0.67008319E+04
    0.67857839E-02    0.67612065E+04
    0.69228658E-02    0.68207330E+04
    0.70627169E-02    0.68793752E+04
    0.72053933E-02    0.69370966E+04
    0.73509519E-02    0.69938600E+04
    0.74994510E-02    0.70496277E+04
    0.76509499E-02    0.71043617E+04
    0.78055094E-02    0.71580229E+04
    0.79631911E-02    0.72105720E+04
    0.81240583E-02    0.72619685E+04
    0.82881751E-02    0.73121716E+04
    0.84556074E-02    0.73611395E+04
    0.86264220E-02    0.74088294E+04
    0.88006872E-02    0.74551979E+04
    0.89784729E-02    0.75002006E+04
    0.91598501E-02    0.75437922E+04
    0.93448913E-02    0.75859262E+04
    0.95336707E-02    0.76265553E+04
    0.97262636E-02    0.76656314E+04
    0.99227472E-02    0.77031049E+04
    0.10123200E-01    0.77389255E+04
    0.10327702E-01    0.77730418E+04
    0.10536336E-01    0.78054011E+04
    0.10749184E-01    0.78359501E+04
    0.10966332E-01    0.78646339E+04
    0.11187866E-01    0.78913971E+04
    0.11413876E-01    0.79161830E+04
    0.11644452E-01    0.79389339E+04
    0.11879685E-01    0.79595916E+04
    0.12119671E-01    0.79780965E+04
    0.12364504E-01    0.79943887E+04
    0.12614284E-01    0.80084073E+04
    0.12869109E-01    0.80200910E+04
    0.13129083E-01    0.80293781E+04
    0.13394308E-01    0.80362064E+04
    0.13664891E-01    0.80405138E+04
    0.13940940E-01    0.80422381E+04
    0.14222565E-01    0.80413173E+04
    0.14509880E-01    0.80376900E+04
    0.14802999E-01    0.80312956E+04
    0.15102040E-01    0.80220743E+04
    0.15407121E-01    0.80099678E+04
    0.15718366E-01    0.79949195E+04
    0.16035898E-01    0.79768746E+04
    0.16359844E-01    0.79557810E+04
    0.16690335E-01    0.79315892E+04
    0.17027502E-01    0.79042532E+04
    0.17371481E-01    0.78737307E+04
    0.17722408E-01    0.78399835E+04
    0.18080424E-01    0.78029785E+04
    0.18445673E-01    0.77626880E+04
    0.18818300E-01    0.77190902E+04
    0.19198455E-01    0.76721701E+04
    0.19586290E-01    0.76219198E+04
    0.19981959E-01    0.75683397E+04
    0.20385621E-01    0.75114388E+04
    0.20797438E-01    0.74512356E+04
    0.21217574E-01    0.73877588E+04
    0.21646198E-01    0.73210480E+04
    0.22083480E-01    0.72511544E+04
    0.22529596E-01    0.71781414E+04
    0.22984724E-01    0.71020852E+04
    0.23449046E-01    0.70230753E+04
    0.23922748E-01    0.69412149E+04
    0.24406020E-01    0.68566212E+04
    0.24899054E-01    0.67694251E+04
    0.25402048E-01    0.66797718E+04
    0.25915204E-01    0.65878200E+04
    0.26438726E-01    0.64937413E+04
    0.26972823E-01    0.63977200E+04
    0.27517710E-01    0.62999519E+04
    0.28073605E-01    0.62006432E+04
    0.28640730E-01    0.61000091E+04
    0.29219311E-01    0.59982724E+04
    0.29809580E-01    0.58956620E+04
    0.30411773E-01    0.57924109E+04
    0.31026132E-01    0.56887546E+04
    0.31652901E-01    0.55849292E+04
    0.32292332E-01    0.54811695E+04
    0.32944681E-01    0.53777073E+04
    0.33610207E-01    0.52747696E+04
    0.34289179E-01    0.51725773E+04
    0.34981866E-01    0.50713435E+04
    0.35688547E-01    0.49712723E+04
    0.36409503E-01    0.48725579E+04
    0.37145024E-01    0.47753833E+04
    0.37895403E-01    0.46799203E+04
    0.38660941E-01    0.45863282E+04
    0.39441944E-01    0.44947537E+04
    0.40238724E-01    0.44053306E+04
    0.41051600E-01    0.43181790E+04
    0.41880897E-01    0.42334057E+04
    0.42726948E-01    0.41511031E+04
    0.43590089E-01    0.40713488E+04
    0.44470667E-01    0.39942052E+04
    0.45369035E-01    0.39197179E+04
    0.46285550E-01    0.38479153E+04
    0.47220580E-01    0.37788061E+04
    0.48174499E-01    0.37123784E+04
    0.49147688E-01    0.36485970E+04
    0.50140538E-01    0.35874013E+04
    0.51153444E-01    0.35287028E+04
    0.52186812E-01    0.34723825E+04
    0.53241055E-01    0.34182881E+04
    0.54316596E-01    0.33662320E+04
    0.55413864E-01    0.33159893E+04
    0.56533298E-01    0.32672963E+04
    0.57675347E-01    0.32198501E+04
    0.58840466E-01    0.31733098E+04
    0.60029122E-01    0.31272983E+04
    0.61241791E-01    0.30814066E+04
    0.62478957E-01    0.30351998E+04
    0.63741116E-01    0.29882258E+04
    0.65028772E-01    0.29400254E+04
    0.66342440E-01    0.28901464E+04
    0.67682646E-01    0.28381583E+04
    0.69049926E-01    0.27836697E+04
    0.70444827E-01    0.27263476E+04
    0.71867907E-01    0.26659358E+04
    0.73319735E-01    0.26022740E+04
    0.74800892E-01    0.25353149E+04
    0.76311971E-01    0.24651381E+04
    0.77853575E-01    0.23919595E+04
    0.79426321E-01    0.23161358E+04
    0.81030839E-01    0.22381615E+04
    0.82667771E-01    0.21586592E+04
    0.84337771E-01    0.20783620E+04
    0.86041507E-01    0.19980888E+04
    0.87779660E-01    0.19187142E+04
    0.89552927E-01    0.18411321E+04
    0.91362016E-01    0.17662185E+04
    0.93207651E-01    0.16947918E+04
    0.95090571E-01    0.16275757E+04
    0.97011528E-01    0.15651645E+04
    0.98971291E-01    0.15079942E+04
    0.10097064E+00    0.14563180E+04
    0.10301039E+00    0.14101900E+04
    0.10509133E+00    0.13694541E+04
    0.10721432E+00    0.13337421E+04
    0.10938019E+00    0.13024793E+04
    0.11158982E+00    0.12748999E+04
    0.11384408E+00    0.12500752E+04
    0.11614389E+00    0.12269536E+04
    0.11849015E+00    0.12044171E+04
    0.12088381E+00    0.11813505E+04
    0.12332582E+00    0.11567224E+04
    0.12581717E+00    0.11296719E+04
    0.12835884E+00    0.10995904E+04
    0.13095187E+00    0.10661896E+04
    0.13359727E+00    0.10295426E+04
    0.13629611E+00    0.99008943E+03
    0.13904948E+00    0.94860196E+03
    0.14185846E+00    0.90610976E+03
    0.14472419E+00    0.86379400E+03
    0.14764782E+00    0.82286322E+03
    0.15063050E+00    0.78442649E+03
    0.15367344E+00    0.74937955E+03
    0.15677785E+00    0.71831563E+03
    0.15994497E+00    0.69146848E+03
    0.16317607E+00    0.66869076E+03
    0.16647245E+00    0.64946880E+03
    0.16983541E+00    0.63297458E+03
    0.17326632E+00    0.61815529E+03
    0.17676653E+00    0.60385877E+03
    0.18033745E+00    0.58898611E+03
    0.18398051E+00    0.57265309E+03
    0.18769716E+00    0.55433188E+03
    0.19148889E+00    0.53394044E+03
    0.19535723E+00    0.51185302E+03
    0.19930370E+00    0.48882207E+03
    0.20332991E+00    0.46582460E+03
    0.20743744E+00    0.44386644E+03
    0.21162796E+00    0.42378757E+03
    0.21590313E+00    0.40610834E+03
    0.22026466E+00    0.39094365E+03
    0.22471430E+00    0.37799718E+03
    0.22925383E+00    0.36663576E+03
    0.23388506E+00    0.35603358E+03
    0.23860986E+00    0.34536303E+03
    0.24343009E+00    0.33399270E+03
    0.24834771E+00    0.32163973E+03
    0.25336466E+00    0.30842693E+03
    0.25848297E+00    0.29482085E+03
    0.26370467E+00    0.28146832E+03
    0.26903186E+00    0.26898652E+03
    0.27446666E+00    0.25777580E+03
    0.28001126E+00    0.24791256E+03
    0.28566786E+00    0.23915039E+03
    0.29143874E+00    0.23102520E+03
    0.29732619E+00    0.22302939E+03
    0.30333258E+00    0.21479534E+03
    0.30946030E+00    0.20621809E+03
    0.31571181E+00    0.19746642E+03
    0.32208961E+00    0.18887903E+03
    0.32859626E+00    0.18079700E+03
    0.33523434E+00    0.17341160E+03
    0.34200652E+00    0.16669464E+03
    0.34891551E+00    0.16043645E+03
    0.35596408E+00    0.15436622E+03
    0.36315503E+00    0.14829090E+03
    0.37049124E+00    0.14217990E+03
    0.37797566E+00    0.13615255E+03
    0.38561128E+00    0.13038340E+03
    0.39340114E+00    0.12498839E+03
    0.40134837E+00    0.11996195E+03
    0.40945615E+00    0.11519741E+03
    0.41772771E+00    0.11056831E+03
    0.42616637E+00    0.10601050E+03
    0.43477550E+00    0.10154930E+03
    0.44355855E+00    0.97259387E+02
    0.45251903E+00    0.93195907E+02
    0.46166052E+00    0.89352749E+02
    0.47098668E+00    0.85675969E+02
    0.48050124E+00    0.82112904E+02
    0.49020801E+00    0.78650861E+02
    0.50011087E+00    0.75314189E+02
    0.51021378E+00    0.72129540E+02
    0.52052078E+00    0.69096517E+02
    0.53103600E+00    0.66190091E+02
    0.54176364E+00    0.63386398E+02
    0.55270799E+00    0.60681852E+02
    0.56387343E+00    0.58087288E+02
    0.57526443E+00    0.55608259E+02
    0.58688554E+00    0.53235708E+02
    0.59874142E+00    0.50955432E+02
    0.61083680E+00    0.48761650E+02
    0.62317652E+00    0.46657578E+02
    0.63576552E+00    0.44644729E+02
    0.64860883E+00    0.42716789E+02
    0.66171160E+00    0.40865451E+02
    0.67507906E+00    0.39088124E+02
    0.68871656E+00    0.37386070E+02
    0.70262956E+00    0.35757149E+02
    0.71682362E+00    0.34195278E+02
    0.73130442E+00    0.32696645E+02
    0.74607775E+00    0.31261329E+02
    0.76114952E+00    0.29887936E+02
    0.77652576E+00    0.28571803E+02
    0.79221262E+00    0.27309877E+02
    0.80821638E+00    0.26102003E+02
    0.82454343E+00    0.24946275E+02
    0.84120031E+00    0.23838792E+02
    0.85819368E+00    0.22777998E+02
    0.87553035E+00    0.21763418E+02
    0.89321723E+00    0.20792187E+02
    0.91126142E+00    0.19861855E+02
    0.92967012E+00    0.18972031E+02
    0.94845070E+00    0.18120801E+02
    0.96761068E+00    0.17305683E+02
    0.98715771E+00    0.16526137E+02
    0.10070996E+01    0.15780651E+02
    0.10274444E+01    0.15067061E+02
    0.10482001E+01    0.14384842E+02
    0.10693752E+01    0.13732484E+02
    0.10909780E+01    0.13108314E+02
    0.11130172E+01    0.12511835E+02
    0.11355016E+01    0.11941401E+02
    0.11584403E+01    0.11395997E+02
    0.11818424E+01    0.10874860E+02
    0.12057171E+01    0.10376499E+02
    0.12300743E+01    0.99003971E+01
    0.12549234E+01    0.94453151E+01
    0.12802745E+01    0.90104675E+01
    0.13061378E+01    0.85950493E+01
    0.13325235E+01    0.81980626E+01
    0.13594423E+01    0.78189459E+01
    0.13869048E+01    0.74566876E+01
    0.14149222E+01    0.71108011E+01
    0.14435055E+01    0.67803612E+01
    0.14726663E+01    0.64648986E+01
    0.15024161E+01    0.61635874E+01
    0.15327669E+01    0.58759731E+01
    0.15637308E+01    0.56013170E+01
    0.15953203E+01    0.53391798E+01
    0.16275479E+01    0.50889100E+01
    0.16604266E+01    0.48500660E+01
    0.16939694E+01    0.46221015E+01
    0.17281899E+01    0.44045463E+01
    0.17631016E+01    0.41969676E+01
    0.17987186E+01    0.39988766E+01
    0.18350551E+01    0.38099041E+01
    0.18721257E+01    0.36296143E+01
    0.19099452E+01    0.34576217E+01
    0.19485286E+01    0.32935809E+01
    0.19878915E+01    0.31371117E+01
    0.20280496E+01    0.29878812E+01
    0.20690189E+01    0.28455793E+01
    0.21108159E+01    0.27098816E+01
    0.21534572E+01    0.25804887E+01
    0.21969599E+01    0.24571261E+01
    0.22413414E+01    0.23395212E+01
    0.22866195E+01    0.22274075E+01
    0.23328123E+01    0.21205364E+01
    0.23799382E+01    0.20186732E+01
    0.24280162E+01    0.19215913E+01
    0.24770654E+01    0.18290716E+01
    0.25271054E+01    0.17409047E+01
    0.25781563E+01    0.16568914E+01
    0.26302385E+01    0.15768419E+01
    0.26833729E+01    0.15005748E+01
    0.27375806E+01    0.14279164E+01
    0.27928834E+01    0.13587005E+01
    0.28493034E+01    0.12927685E+01
    0.29068631E+01    0.12299685E+01
    0.29655857E+01    0.11701557E+01
    0.30254945E+01    0.11131917E+01
    0.30866135E+01    0.10589442E+01
    0.31489672E+01    0.10072870E+01
    0.32125806E+01    0.95809955E+00
    0.32774790E+01    0.91126655E+00
    0.33436885E+01    0.86667798E+00
    0.34112355E+01    0.82422882E+00
    0.34801470E+01    0.78381898E+00
    0.35504506E+01    0.74535304E+00
    0.36221745E+01    0.70873973E+00
    0.36953473E+01    0.67389152E+00
    0.37699982E+01    0.64072511E+00
    0.38461573E+01    0.60916163E+00
    0.39238548E+01    0.57912530E+00
    0.40031219E+01    0.55054341E+00
    0.40839903E+01    0.52334752E+00
    0.41664924E+01    0.49747174E+00
    0.42506611E+01    0.47285315E+00
    0.43365302E+01    0.44943234E+00
    0.44241339E+01    0.42715183E+00
    0.45135074E+01    0.40595763E+00
    0.46046863E+01    0.38579752E+00
    0.46977071E+01    0.36662230E+00
    0.47926071E+01    0.34838472E+00
    0.48894241E+01    0.33103978E+00
    0.49881971E+01    0.31454477E+00
    0.50889653E+01    0.29885877E+00
    0.51917692E+01    0.28394281E+00
    0.52966499E+01    0.26975986E+00
    0.54036494E+01    0.25627459E+00
    0.55128103E+01    0.24345329E+00
    0.56241765E+01    0.23126385E+00
    0.57377924E+01    0.21967570E+00
    0.58537035E+01    0.20865970E+00
    0.59719561E+01    0.19818811E+00
    0.60925977E+01    0.18823450E+00
    0.62156763E+01    0.17877368E+00
    0.63412413E+01    0.16978167E+00
    0.64693429E+01    0.16123565E+00
    0.66000322E+01    0.15311386E+00
    0.67333617E+01    0.14539558E+00
    0.68693847E+01    0.13806110E+00
    0.70081554E+01    0.13109165E+00
    0.71497296E+01    0.12446934E+00
    0.72941637E+01    0.11817716E+00
    0.74415156E+01    0.11219892E+00
    0.75918442E+01    0.10651920E+00
    0.77452096E+01    0.10112331E+00
    0.79016732E+01    0.95997292E-01
    0.80612976E+01    0.91127851E-01
    0.82241466E+01    0.86502334E-01
    0.83902854E+01    0.82108707E-01
    0.85597804E+01    0.77935514E-01
    0.87326994E+01    0.73971855E-01
    0.89091117E+01    0.70207360E-01
    0.90890877E+01    0.66632165E-01
    0.92726994E+01    0.63236886E-01
    0.94600204E+01    0.60012594E-01
    0.96511254E+01    0.56950796E-01
    0.98460911E+01    0.54043415E-01
    0.10044995E+02    0.51282771E-01
    0.10247918E+02    0.48661555E-01
    0.10454939E+02    0.46172821E-01
    0.10666143E+02    0.43809958E-01
    0.10881614E+02    0.41566686E-01
    0.11101437E+02    0.39437030E-01
    0.11325701E+02    0.37415307E-01
    0.11554495E+02    0.35496118E-01
    0.11787911E+02    0.33674328E-01
    0.12026043E+02    0.31945055E-01
    0.12268985E+02    0.30303659E-01
    0.12516835E+02    0.28745728E-01
    0.12769692E+02    0.27267070E-01
    0.13027657E+02    0.25863700E-01
    0.13290833E+02    0.24531829E-01
    0.13559325E+02    0.23267858E-01
    0.13833242E+02    0.22068365E-01
    0.14112692E+02    0.20930100E-01
    0.14397787E+02    0.19849973E-01
    0.14688642E+02    0.18825048E-01
    0.14985372E+02    0.17852535E-01
    0.15288097E+02    0.16929785E-01
    0.15596937E+02    0.16054279E-01
    0.15912016E+02    0.15223624E-01
    0.16233460E+02    0.14435549E-01
    0.16561397E+02    0.13687893E-01
    0.16895960E+02    0.12978607E-01
    0.17237281E+02    0.12305741E-01
    0.17585497E+02    0.11667446E-01
    0.17940748E+02    0.11061963E-01
    0.18303175E+02    0.10487624E-01
    0.18672924E+02    0.99428417E-02
    0.19050142E+02    0.94261118E-02
    0.19434980E+02    0.89360040E-02
    0.19827593E+02    0.84711604E-02
    0.20228137E+02    0.80302915E-02
    0.20636772E+02    0.76121730E-02
    0.21053662E+02    0.72156423E-02
    0.21478975E+02    0.68395955E-02
    0.21912879E+02    0.64829847E-02
    0.22355548E+02    0.61448147E-02
    0.22807160E+02    0.58241410E-02
    0.23267896E+02    0.55200668E-02
    0.23737938E+02    0.52317408E-02
    0.24217476E+02    0.49583549E-02
    0.24706702E+02    0.46991420E-02
    0.25205810E+02    0.44533740E-02
    0.25715001E+02    0.42203598E-02
    0.26234479E+02    0.39994433E-02
    0.26764451E+02    0.37900022E-02
    0.27305128E+02    0.35914454E-02
    0.27856728E+02    0.34032124E-02
    0.28419472E+02    0.32247709E-02
    0.28993583E+02    0.30556160E-02
    0.29579292E+02    0.28952684E-02
    0.30176834E+02    0.27432735E-02
    0.30786446E+02    0.25991998E-02
    0.31408374E+02    0.24626380E-02
    0.32042865E+02    0.23331995E-02
    0.32690174E+02    0.22105159E-02
    0.33350559E+02    0.20942374E-02
    0.34024285E+02    0.19840325E-02
    0.34711621E+02    0.18795863E-02
    0.35412842E+02    0.17806004E-02
    0.36128229E+02    0.16867916E-02
    0.36858068E+02    0.15978911E-02
    0.37602650E+02    0.15136442E-02
    0.38362274E+02    0.14338091E-02
    0.39137244E+02    0.13581566E-02
    0.39927868E+02    0.12864692E-02
    0.40734465E+02    0.12185407E-02
    0.41557356E+02    0.11541754E-02
    0.42396870E+02    0.10931877E-02
    0.43253343E+02    0.10354019E-02
    0.44127119E+02    0.98065097E-03
    0.45018546E+02    0.92877669E-03
    0.45927981E+02    0.87962904E-03
    0.46855788E+02    0.83306570E-03
    0.47802337E+02    0.78895177E-03
    0.48768009E+02    0.74715930E-03
    0.49753188E+02    0.70756698E-03
    0.50758269E+02    0.67005979E-03
    0.51783654E+02    0.63452868E-03
    0.52829753E+02    0.60087026E-03
    0.53896985E+02    0.56898648E-03
    0.54985776E+02    0.53878442E-03
    0.56096562E+02    0.51017598E-03
    0.57229788E+02    0.48307762E-03
    0.58385907E+02    0.45741016E-03
    0.59565380E+02    0.43309855E-03
    0.60768681E+02    0.41007163E-03
    0.61996289E+02    0.38826196E-03
    0.63248698E+02    0.36760561E-03
    0.64526406E+02    0.34804197E-03
    0.65829926E+02    0.32951361E-03
    0.67159779E+02    0.31196609E-03
    0.68516496E+02    0.29534782E-03
    0.69900621E+02    0.27960990E-03
    0.71312707E+02    0.26470596E-03
    0.72753320E+02    0.25059210E-03
    0.74223034E+02    0.23722669E-03
    0.75722439E+02    0.22457027E-03
    0.77252134E+02    0.21258547E-03
    0.78812730E+02    0.20123686E-03
    0.80404853E+02    0.19049086E-03
    0.82029139E+02    0.18031567E-03
    0.83686237E+02    0.17068115E-03
    0.85376811E+02    0.16155874E-03
    0.87101537E+02    0.15292137E-03
    0.88861105E+02    0.14474340E-03
    0.90656219E+02    0.13700054E-03
    0.92487596E+02    0.12966977E-03
    0.94355969E+02    0.12272927E-03
    0.96262086E+02    0.11615840E-03
    0.98206709E+02    0.10993758E-03
    0.10019062E+03    0.10404826E-03
    0.10221460E+03    0.98472867E-04
    0.10427947E+03    0.93194768E-04
    0.10638606E+03    0.88198194E-04
    0.10853520E+03    0.83468210E-04
    0.11072776E+03    0.78990668E-04
    0.11296460E+03    0.74752169E-04
    0.11524664E+03    0.70740018E-04
    0.11757478E+03    0.66942190E-04
    0.11994995E+03    0.63347298E-04
    0.12237310E+03    0.59944554E-04
    0.12484520E+03    0.56723740E-04
    0.12736724E+03    0.53675181E-04
    0.12994022E+03    0.50789710E-04
    0.13256519E+03    0.48058647E-04
    0.13524319E+03    0.45473772E-04
    0.13797528E+03    0.43027298E-04
    0.14076257E+03    0.40711853E-04
    0.14360616E+03    0.38520453E-04
    0.14650719E+03    0.36446486E-04
    0.14946684E+03    0.34483689E-04
    0.15248627E+03    0.32626134E-04
    0.15556669E+03    0.30868203E-04
    0.15870935E+03    0.29204580E-04
    0.16191549E+03    0.27630231E-04
    0.16518640E+03    0.26140386E-04
    0.16852339E+03    0.24730532E-04
    0.17192779E+03    0.23396394E-04
    0.17540096E+03    0.22133925E-04
    0.17894429E+03    0.20939293E-04
    0.18255921E+03    0.19808869E-04
    0.18624715E+03    0.18739219E-04
    0.19000959E+03    0.17727089E-04
    0.19384804E+03    0.16769402E-04
    0.19776403E+03    0.15863241E-04
    0.20175912E+03    0.15005847E-04
    0.20583493E+03    0.14194608E-04
    0.20999307E+03    0.13427048E-04
    0.21423521E+03    0.12700829E-04
    0.21856305E+03    0.12013731E-04
    0.22297832E+03    0.11363658E-04
    0.22748278E+03    0.10748622E-04
    0.23207824E+03    0.10166743E-04
    0.23676653E+03    0.96162427E-05
    0.24154953E+03    0.90954346E-05
    0.24642915E+03    0.86027245E-05
    0.25140735E+03    0.81366029E-05
    0.25648612E+03    0.76956409E-05
    0.26166748E+03    0.72784863E-05
    0.26695351E+03    0.68838590E-05
    0.27234633E+03    0.65105476E-05
    0.27784809E+03    0.61574053E-05
    0.28346100E+03    0.58233469E-05
    0.28918729E+03    0.55073454E-05
    0.29502926E+03    0.52084286E-05
    0.30098925E+03    0.49256766E-05
    0.30706963E+03    0.46582187E-05
    0.31327285E+03    0.44052309E-05
    0.31960138E+03    0.41659335E-05
    0.32605776E+03    0.39395885E-05
    0.33264456E+03    0.37254976E-05
    0.33936443E+03    0.35230000E-05
    0.34622004E+03    0.33314702E-05
    0.35321415E+03    0.31503166E-05
    0.36034955E+03    0.29789791E-05
    0.36762909E+03    0.28169279E-05
    0.37505570E+03    0.26636616E-05
    0.38263232E+03    0.25187057E-05
    0.39036201E+03    0.23816113E-05
    0.39824784E+03    0.22519537E-05
    0.40629298E+03    0.21293309E-05
    0.41450065E+03    0.20133626E-05
    0.42287412E+03    0.19036892E-05
    0.43141674E+03    0.17999700E-05
    0.44013194E+03    0.17018830E-05
    0.44902319E+03    0.16091236E-05
    0.45809406E+03    0.15214033E-05
    0.46734817E+03    0.14384494E-05
    0.47678923E+03    0.13600038E-05
    0.48642102E+03    0.12858224E-05
    0.49624737E+03    0.12156742E-05
    0.50627223E+03    0.11493407E-05
    0.51649961E+03    0.10866151E-05
    0.52693360E+03    0.10273020E-05
    0.53757836E+03    0.97121625E-06
    0.54843816E+03    0.91818290E-06
    0.55951735E+03    0.86803640E-06
    0.57082035E+03    0.82062012E-06
    0.58235169E+03    0.77578594E-06
    0.59411597E+03    0.73339369E-06
    0.60611791E+03    0.69331084E-06
    0.61836230E+03    0.65541199E-06
    0.63085405E+03    0.61957854E-06
    0.64359815E+03    0.58569830E-06
    0.65659969E+03    0.55366514E-06
    0.66986389E+03    0.52337871E-06
    0.68339603E+03    0.49474406E-06
    0.69720155E+03    0.46767140E-06
    0.71128595E+03    0.44207580E-06
    0.72565488E+03    0.41787693E-06
    0.74031408E+03    0.39499881E-06
    0.75526942E+03    0.37336959E-06
    0.77052688E+03    0.35292130E-06
    0.78609255E+03    0.33358968E-06
    0.80197267E+03    0.31531392E-06
    0.81817360E+03    0.29803655E-06
    0.83470180E+03    0.28170319E-06
    0.85156389E+03    0.26626241E-06
    0.86876663E+03    0.25166559E-06
    0.88631688E+03    0.23786674E-06
    0.90422167E+03    0.22482238E-06
    0.92248815E+03    0.21249137E-06
    0.94112365E+03    0.20083481E-06
    0.96013561E+03    0.18981594E-06
    0.97953164E+03    0.17939996E-06
    0.99931949E+03    0.16955399E-06
    0.10195071E+04    0.16024693E-06
    0.10401025E+04    0.15144936E-06
    0.10611140E+04    0.14313348E-06
    0.10825499E+04    0.13527300E-06
    0.11044188E+04    0.12784303E-06
    0.11267296E+04    0.12082008E-06
    0.11494910E+04    0.11418191E-06
    0.11727123E+04    0.10790750E-06
    0.11964026E+04    0.10197697E-06
    0.12205716E+04    0.96371532E-07
    0.12452288E+04    0.91073410E-07
    0.12703840E+04    0.86065805E-07
    0.12960475E+04    0.81332830E-07
    0.13222294E+04    0.76859467E-07
    0.13489402E+04    0.72631515E-07
    0.13761906E+04    0.68635547E-07
    0.14039915E+04    0.64858870E-07
    0.14323540E+04    0.61289481E-07
    0.14612895E+04    0.57916035E-07
    0.14908095E+04    0.54727805E-07
    0.15209258E+04    0.51714647E-07
    0.15516506E+04    0.48866976E-07
    0.15829960E+04    0.46175725E-07
    0.16149746E+04    0.43632327E-07
    0.16475993E+04    0.41228678E-07
    0.16808830E+04    0.38957122E-07
    0.17148391E+04    0.36810418E-07
    0.17494811E+04    0.34781721E-07
    0.17848230E+04    0.32864562E-07
    0.18208788E+04    0.31052823E-07
    0.18576630E+04    0.29340723E-07
    0.18951903E+04    0.27722797E-07
    0.19334757E+04    0.26193876E-07
    0.19725345E+04    0.24749079E-07
    0.20123823E+04    0.23383786E-07
    0.20530351E+04    0.22093635E-07
    0.20945092E+04    0.20874501E-07
    0.21368211E+04    0.19722483E-07
    0.21799877E+04    0.18633896E-07
    0.22240264E+04    0.17605257E-07
    0.22689547E+04    0.16633271E-07
    0.23147907E+04    0.15714827E-07
    0.23615525E+04    0.14846982E-07
    0.24092591E+04    0.14026956E-07
    0.24579293E+04    0.13252120E-07
    0.25075828E+04    0.12519989E-07
    0.25582393E+04    0.11828216E-07
    0.26099192E+04    0.11174581E-07
    0.26626430E+04    0.10556987E-07
    0.27164320E+04    0.99734504E-08
    0.27713076E+04    0.94220984E-08
    0.28272917E+04    0.89011599E-08
    0.28844068E+04    0.84089610E-08
    0.29426757E+04    0.79439200E-08
    0.30021217E+04    0.75045418E-08
    0.30627685E+04    0.70894135E-08
    0.31246406E+04    0.66971998E-08
    0.31877625E+04    0.63266387E-08
    0.32521596E+04    0.59765376E-08
    0.33178575E+04    0.56457694E-08
    0.33848827E+04    0.53332689E-08
    0.34532619E+04    0.50380296E-08
    0.35230224E+04    0.47591000E-08
    0.35941922E+04    0.44955813E-08
    0.36667997E+04    0.42466238E-08
    0.37408739E+04    0.40114248E-08
    0.38164446E+04    0.37892256E-08
    0.38935419E+04    0.35793092E-08
    0.39721967E+04    0.33809981E-08
    0.40524404E+04    0.31936521E-08
    0.41343051E+04    0.30166663E-08
    0.42178236E+04    0.28494690E-08
    0.43030293E+04    0.26915199E-08
    0.43899562E+04    0.25423087E-08
    0.44786392E+04    0.24013529E-08
    0.45691137E+04    0.22681968E-08
    0.46614160E+04    0.21424097E-08
    0.47555828E+04    0.20235847E-08
    0.48516520E+04    0.19113372E-08
    0.49496618E+04    0.18053039E-08
    0.50496516E+04    0.17051415E-08
    0.51516614E+04    0.16105256E-08
    0.52557318E+04    0.15211496E-08
    0.53619046E+04    0.14367241E-08
    0.54702223E+04    0.13569753E-08
    0.55807281E+04    0.12816447E-08
    0.56934663E+04    0.12104881E-08
    0.58084820E+04    0.11432746E-08
    0.59258211E+04    0.10797862E-08
    0.60455306E+04    0.10198168E-08
    0.61676584E+04    0.96317175E-09
    0.62922534E+04    0.90966718E-09
    0.64193653E+04    0.85912930E-09
    0.65490451E+04    0.81139393E-09
    0.66813446E+04    0.76630599E-09
    0.68163167E+04    0.72371892E-09
    0.69540155E+04    0.68349428E-09
    0.70944959E+04    0.64550128E-09
    0.72378142E+04    0.60961635E-09
    0.73840278E+04    0.57572274E-09
    0.75331950E+04    0.54371017E-09
    0.76853756E+04    0.51347444E-09
    0.78406305E+04    0.48491712E-09
    0.79990218E+04    0.45794521E-09
    0.81606127E+04    0.43247086E-09
    0.83254680E+04    0.40841109E-09
    0.84936537E+04    0.38568749E-09
    0.86652368E+04    0.36422599E-09
    0.88402862E+04    0.34395662E-09
    0.90188719E+04    0.32481330E-09
    0.92010652E+04    0.30673357E-09
    0.93869390E+04    0.28965845E-09
    0.95765678E+04    0.27353223E-09
    0.97700273E+04    0.25830227E-09
    0.99673949E+04    0.24391885E-09
