0.001	2605.161186
0.001023292992	2671.407385
0.001047128548	2739.184913
0.001071519305	2808.618217
0.001096478196	2879.827934
0.001122018454	2952.925722
0.001148153621	3028.008967
0.001174897555	3105.155699
0.001202264435	3184.420161
0.001230268771	3265.829463
0.001258925412	3349.381817
0.001288249552	3435.046774
0.001318256739	3522.767808
0.001348962883	3612.467447
0.001380384265	3704.054909
0.001412537545	3797.435935
0.001445439771	3892.524182
0.001479108388	3989.25321
0.001513561248	4087.587783
0.001548816619	4187.533012
0.001584893192	4289.139786
0.001621810097	4392.505101
0.001659586907	4497.766318
0.001698243652	4605.089037
0.001737800829	4714.649233
0.00177827941	4826.611372
0.001819700859	4941.105312
0.001862087137	5058.205644
0.001905460718	5177.917538
0.0019498446	5300.172811
0.001995262315	5424.838724
0.002041737945	5551.739914
0.002089296131	5680.691057
0.00213796209	5811.534861
0.002187761624	5944.177465
0.002238721139	6078.612198
0.002290867653	6214.923638
0.002344228815	6353.267483
0.002398832919	6493.827608
0.002454708916	6636.758798
0.002511886432	6782.129982
0.002570395783	6929.885943
0.002630267992	7079.843225
0.002691534804	7231.72737
0.002754228703	7385.244963
0.002818382931	7540.169113
0.002884031503	7696.406949
0.002951209227	7854.018401
0.00301995172	8013.170223
0.003090295433	8174.035394
0.00316227766	8336.676343
0.003235936569	8500.966795
0.003311311215	8666.598644
0.003388441561	8833.183971
0.003467368505	9000.410451
0.003548133892	9168.168003
0.003630780548	9336.565064
0.003715352291	9505.807008
0.003801893963	9675.996336
0.00389045145	9846.981446
0.003981071706	10018.37127
0.004073802778	10189.73021
0.004168693835	10360.82709
0.004265795188	10531.74155
0.004365158322	10702.71559
0.004466835922	10873.84583
0.004570881896	11044.88064
0.004677351413	11215.33478
0.004786300923	11384.85079
0.004897788194	11553.46004
0.005011872336	11721.44251
0.00512861384	11888.89094
0.005248074602	12055.45965
0.005370317964	12220.6347
0.005495408739	12384.24416
0.005623413252	12546.55275
0.005754399373	12707.75549
0.005888436554	12867.53244
0.006025595861	13025.3454
0.006165950019	13181.0991
0.006309573445	13335.13003
0.00645654229	13487.46422
0.00660693448	13637.56656
0.006760829754	13785.09152
0.006918309709	13930.32173
0.007079457844	14073.40492
0.007244359601	14213.81987
0.007413102413	14351.21187
0.00758577575	14485.90317
0.007762471166	14617.90402
0.007943282347	14746.59846
0.008128305162	14871.90774
0.008317637711	14994.16027
0.008511380382	15112.91719
0.0087096359	15227.7732
0.008912509381	15339.07207
0.009120108394	15446.54839
0.009332543008	15549.69209
0.00954992586	15648.81899
0.00977237221	15743.64421
0.01	15833.69846
0.01023292992	15919.29183
0.01047128548	15999.93967
0.01071519305	16075.44376
0.01096478196	16145.96592
0.01122018454	16210.88366
0.01148153621	16270.40458
0.01174897555	16324.13585
0.01202264435	16371.8842
0.01230268771	16413.63617
0.01258925412	16448.89389
0.01288249552	16477.80475
0.01318256739	16499.7897
0.01348962883	16515.01363
0.01380384265	16522.9302
0.01412537545	16523.67644
0.01445439771	16516.73835
0.01479108388	16502.22552
0.01513561248	16479.66472
0.01548816619	16449.11358
0.01584893192	16410.2177
0.01621810097	16362.88535
0.01659586907	16306.97638
0.01698243652	16242.19909
0.01737800829	16168.59847
0.0177827941	16085.92275
0.01819700859	15994.082
0.01862087137	15893.07816
0.01905460718	15782.73641
0.019498446	15663.04408
0.01995262315	15534.07826
0.02041737945	15395.81219
0.02089296131	15248.25875
0.0213796209	15091.55585
0.02187761624	14925.87797
0.02238721139	14751.3958
0.02290867653	14568.31621
0.02344228815	14376.91029
0.02398832919	14177.51455
0.02454708916	13970.52601
0.02511886432	13756.38771
0.02570395783	13535.57627
0.02630267992	13308.61282
0.02691534804	13076.07929
0.02754228703	12838.61193
0.02818382931	12596.88245
0.02884031503	12351.5876
0.02951209227	12103.44826
0.0301995172	11853.21209
0.03090295433	11601.64746
0.0316227766	11349.51809
0.03235936569	11097.56669
0.03311311215	10846.53286
0.03388441561	10597.16638
0.03467368505	10350.19478
0.03548133892	10106.2784
0.03630780548	9866.032397
0.03715352291	9630.084737
0.03801893963	9399.000961
0.0389045145	9173.258148
0.03981071706	8953.356233
0.04073802778	8739.681889
0.04168693835	8532.629978
0.04265795188	8332.498075
0.04365158322	8139.5666
0.04466835922	7953.999116
0.04570881896	7775.962487
0.04677351413	7605.532674
0.04786300923	7442.704309
0.04897788194	7287.397041
0.05011872336	7139.435492
0.0512861384	6998.546152
0.05248074602	6864.340173
0.05370317964	6736.300585
0.05495408739	6613.782017
0.05623413252	6496.00025
0.05754399373	6382.017857
0.05888436554	6270.752942
0.06025595861	6160.998715
0.06165950019	6051.43321
0.06309573445	5940.631907
0.0645654229	5827.111596
0.0660693448	5709.409618
0.06760829754	5586.119091
0.06918309709	5455.9471
0.07079457844	5317.83194
0.07244359601	5170.996056
0.07413102413	5015.039589
0.0758577575	4850.001666
0.07762471166	4676.408869
0.07943282347	4495.314908
0.08128305162	4308.284473
0.08317637711	4117.353474
0.08511380382	3924.960683
0.087096359	3733.827386
0.08912509381	3546.816082
0.09120108394	3366.785581
0.09332543008	3196.413666
0.0954992586	3038.027377
0.0977237221	2893.483433
0.1	2764.014522
0.1023292992	2650.157076
0.1047128548	2551.685566
0.1071519305	2467.580975
0.1096478196	2396.053965
0.1122018454	2334.60935
0.1148153621	2280.157866
0.1174897555	2229.215302
0.1202264435	2178.153134
0.1230268771	2123.522421
0.1258925412	2062.425071
0.1288249552	1992.8579
0.1318256739	1914.016177
0.1348962883	1826.438201
0.1380384265	1731.996767
0.1412537545	1633.669702
0.1445439771	1535.152067
0.1479108388	1440.337698
0.1513561248	1352.779332
0.1548816619	1275.211757
0.1584893192	1209.185344
0.1621810097	1154.87689
0.1659586907	1111.066278
0.1698243652	1075.299708
0.1737800829	1044.234094
0.177827941	1014.162988
0.1819700859	981.6704016
0.1862087137	944.2999551
0.1905460718	901.0900636
0.19498446	852.7803208
0.1995262315	801.5977141
0.2041737945	750.6582064
0.2089296131	703.1430938
0.213796209	661.4903367
0.2187761624	626.8181952
0.2238721139	598.707094
0.2290867653	575.3767848
0.2344228815	554.2251794
0.2398832919	532.6214983
0.2454708916	508.7287155
0.2511886432	482.0815345
0.2570395783	453.6542767
0.2630267992	425.3726047
0.2691534804	399.2707358
0.2754228703	376.6700408
0.2818382931	357.7066884
0.2884031503	341.3825107
0.2951209227	326.0940817
0.301995172	310.4092812
0.3090295433	293.7228414
0.316227766	276.4507661
0.3235936569	259.6620547
0.3311311215	244.3862813
0.3388441561	231.0219032
0.3467368505	219.1840227
0.3548133892	208.0407028
0.3630780548	196.8892793
0.3715352291	185.5822842
0.3801893963	174.5129428
0.389045145	164.2150911
0.3981071706	154.9217622
0.4073802778	146.4295056
0.4168693835	138.3315609
0.4265795188	130.3780037
0.4365158322	122.6379939
0.4466835922	115.3460369
0.4570881896	108.627234
0.4677351413	102.3860302
0.4786300923	96.43855436
0.4897788194	90.70536789
0.5011872336	85.25107295
0.512861384	80.15553841
0.5248074602	75.40074
0.5370317964	70.90212218
0.5495408739	66.61343054
0.5623413252	62.55762697
0.5754399373	58.75914693
0.5888436554	55.19336753
0.6025595861	51.81852907
0.6165950019	48.62561932
0.6309573445	45.62637753
0.645654229	42.81235785
0.660693448	40.15787825
0.6760829754	37.65229077
0.6918309709	35.29949165
0.7079457844	33.09098499
0.7244359601	31.00941259
0.7413102413	29.05063539
0.758577575	27.21404385
0.7762471166	25.48796175
0.7943282347	23.86320507
0.8128305162	22.33974011
0.8317637711	20.910795
0.8511380382	19.56737449
0.87096359	18.30816208
0.8912509381	17.12763093
0.9120108394	16.01842014
0.9332543008	14.97942131
0.954992586	14.00514952
0.977237221	13.09089623
1	12.23520721
1.023292992	11.43248595
1.047128548	10.68115515
1.071519305	9.977900306
1.096478196	9.318628976
1.122018454	8.702166151
1.148153621	8.124753858
1.174897555	7.58521414
1.202264435	7.079905296
1.230268771	6.607668218
1.258925412	6.165919515
1.288249552	5.752995882
1.318256739	5.367005187
1.348962883	5.006283585
1.380384265	4.669236398
1.412537545	4.354084387
1.445439771	4.059426845
1.479108388	3.784192717
1.513561248	3.527037723
1.548816619	3.287187401
1.584893192	3.063117893
1.621810097	2.854193071
1.659586907	2.659530297
1.698243652	2.477359079
1.737800829	2.307119441
1.77827941	2.148514697
1.819700859	2.000487965
1.862087137	1.862565984
1.905460718	1.734085613
1.9498446	1.614037072
1.995262315	1.50205123
2.041737945	1.397588243
2.089296131	1.300161537
2.13796209	1.20991507
2.187761624	1.125693894
2.238721139	1.046611102
2.290867653	0.9730131657
2.344228815	0.9045003217
2.398832919	0.8415273196
2.454708916	0.7821195227
2.511886432	0.7265524775
2.570395783	0.6749465939
2.630267992	0.627518102
2.691534804	0.5830885256
2.754228703	0.5412327797
2.818382931	0.5027187315
2.884031503	0.4665870338
2.951209227	0.4330318665
3.01995172	0.4020040046
3.090295433	0.3732007669
3.16227766	0.3458771861
3.235936569	0.3207837201
3.311311215	0.2976408009
3.388441561	0.2758619073
3.467368505	0.2556449938
3.548133892	0.236890358
3.630780548	0.2194670223
3.715352291	0.2033140454
3.801893963	0.1881267461
3.89045145	0.1740487512
3.981071706	0.1610124561
4.073802778	0.1488521426
4.168693835	0.1376260554
4.265795188	0.1271887846
4.365158322	0.1175111138
4.466835922	0.108537841
4.570881896	0.100205089
4.677351413	0.0924678709
4.786300923	0.08526450401
4.897788194	0.07856071539
5.011872336	0.07234417905
5.12861384	0.0665962639
5.248074602	0.06128314793
5.370317964	0.05635151857
5.495408739	0.05176534879
5.623413252	0.04752708942
5.754399373	0.04364603825
5.888436554	0.04007210973
6.025595861	0.03671126037
6.165950019	0.03355265766
6.309573445	0.03069045712
6.45654229	0.02804893594
6.60693448	0.0256245564
6.760829754	0.02339303821
6.918309709	0.02128054725
7.079457844	0.01932538708
7.244359601	0.0175845032
7.413102413	0.01599607878
7.58577575	0.0144866708
7.762471166	0.01310337059
7.943282347	0.01187566541
8.128305162	0.01071823241
8.317637711	0.009616889822
8.511380382	0.008660847782
8.7096359	0.007804362253
8.912509381	0.006960443129
9.120108394	0.006223442515
9.332543008	0.005603478865
9.54992586	0.004956484504
9.77237221	0.004364141155
10	0.003914042581
10.23292992	0.003457210144
10.47128548	0.003031062894
10.71519305	0.002683878214
10.96478196	0.002308037649
11.22018454	0.002034452358
11.48153621	0.001807573304
11.74897555	0.00150441598
12.02264435	0.001328964297
12.30268771	0.00115586946
12.58925412	0.0009561259015
12.88249552	0.0008307591817
13.18256739	0.0006974603787
13.48962883	0.0006046585427
13.80384265	0.0004732891272
14.12537545	0.0004013726869
14.45439771	0.0003484275342
14.79108388	0.0002649489795
15.13561248	0.0002160405258
15.48816619	0.0002000873322
15.84893192	0.0001193302956
16.21810097	0.0001272470072
16.59586907	7.792067054e-05
16.98243652	9.179105095e-05
17.37800829	3.376016911e-05
17.7827941	5.638106766e-05
18.19700859	2.271756504e-05
18.62087137	2.280893321e-05
19.05460718	1.568618575e-05
